0 89.5881
480 102.687
960 201.176
1440 203.925
1920 102.773
2400 153.058
2880 151.571
3360 102.686
3840 155.591
4320 105.247
4800 102.864
5280 159.803
5760 140.922
6240 144.203
6720 159.896
7200 154.676
7680 102.619
8160 157.607
8640 149.528
9120 115.334
9600 155.964
10080 140.501
10560 102.858
11040 144.672
11520 110.068
12000 118.087
12480 128.864
12960 103.978
13440 107.165
13920 156.078
14400 146.263
14880 102.957
15360 155.423
15840 143.739
16320 102.737
16800 143.94
17280 130.489
17760 110.811
18240 132.009
18720 159.342
19200 102.98
19680 147.938
20160 121.918
20640 102.753
21120 198.746
21600 134.922
22080 103.105
22560 204.566
23040 220.984
23520 110.295
24000 168.533
24480 125.115
24960 103.103
25440 185.616
25920 132.336
26400 102.934
26880 154.21
27360 124.932
27840 103.04
28320 134.804
28800 147.087
29280 102.96
29760 154.71
30240 160.336
30720 103.041
31200 159.454
31680 158.436
32160 103.011
32640 130.647
33120 112.838
33600 144.056
34080 152.344
34560 144.009
35040 102.874
35520 156.172
36000 105.175
36480 103.128
36960 147.467
37440 108.447
37920 103.106
38400 157.17
38880 160.03
39360 102.981
39840 153.367
40320 158.539
40800 102.965
41280 129.225
41760 103.027
42240 102.876
42720 157.775
43200 160.795
43680 103.06
44160 153.986
44640 112.528
45120 141.437
45600 148
46080 105.153
46560 103.003
47040 137.701
47520 106.964
48000 103.195
48480 148.378
48960 107.053
49440 102.869
49920 160.941
50400 150.376
50880 102.878
51360 157.686
51840 131.268
52320 102.848
52800 154.995
53280 154.002
53760 102.876
54240 152.376
54720 158.512
55200 103.087
55680 151.624
56160 146.961
56640 102.973
57120 159.477
57600 198.399
58080 103.397
58560 149.439
59040 108.786
59520 103.195
60000 158.326
60480 161.221
60960 109.569
61440 158.569
61920 147.551
62400 102.95
62880 150.643
63360 147.629
63840 151.804
64320 160.293
64800 123.58
65280 108.001
65760 178.553
66240 186.837
66720 103.212
67200 149.218
67680 105.484
68160 114.331
68640 141.455
69120 198.535
69600 103.413
70080 196.658
70560 115.257
71040 103.593
71520 152.65
72000 178.959
72480 103.248
72960 133.591
73440 119.015
73920 103.383
74400 186.4
74880 149.786
75360 162.103
75840 157.833
76320 155.014
76800 136.438
77280 153.431
77760 113.45
78240 125.593
78720 152.512
79200 140.072
79680 103.178
80160 135.305
80640 103.471
81120 150.693
81600 155.713
82080 147.692
82560 144.465
83040 140.672
83520 108.251
84000 103.109
84480 145.56
84960 109.382
85440 103.444
85920 183.064
86400 122.115
86880 103.364
87360 140.955
87840 112.711
88320 103.227
88800 159.816
89280 188.671
89760 103.695
90240 153.456
90720 153.427
91200 151.528
91680 153.772
92160 158.509
92640 103.521
93120 162.761
93600 163.759
94080 103.384
94560 155.23
95040 109.081
95520 103.139
96000 149.786
96480 107.568
96960 103.038
97440 154.08
97920 118.477
98400 108.596
98880 152.322
99360 104.811
99840 103.062
100320 135.466
100800 145.277
101280 124.041
101760 153.441
102240 157.217
102720 112.158
103200 148.703
103680 139.009
104160 103.153
104640 151.596
105120 106.673
105600 102.98
106080 126.323
106560 120.083
107040 130.561
107520 153.329
108000 104.973
108480 103.303
108960 155.962
109440 120.787
109920 102.898
110400 156.62
110880 161.434
111360 127.104
111840 145.284
112320 132.905
112800 103.081
113280 145.503
113760 111.271
114240 103.022
114720 148.601
115200 110.602
115680 103.079
116160 129.144
116640 123.202
117120 103.188
117600 129.568
118080 109.988
118560 128.58
119040 118.341
119520 106.927
120000 103.22
120480 154.02
120960 102.979
121440 102.942
121920 171.845
122400 111.432
122880 103.349
123360 154.026
123840 160.134
124320 111.317
124800 146.84
125280 190.923
125760 103.365
126240 182.34
126720 111.643
127200 103.204
127680 172.869
128160 123.149
128640 103.32
129120 199.191
