0 90
480 100
960 200
1440 200
1920 100
2400 150
2880 150
3360 100
3840 160
4320 110
4800 100
5280 160
5760 140
6240 140
6720 160
7200 150
7680 100
8160 160
8640 150
9120 120
9600 160
10080 140
10560 100
11040 140
11520 110
12000 120
12480 130
12960 100
13440 110
13920 160
14400 150
14880 100
15360 160
15840 140
16320 100
16800 140
17280 130
17760 110
18240 130
18720 160
19200 100
19680 150
20160 120
20640 100
21120 200
21600 130
22080 100
22560 200
23040 220
23520 110
24000 170
24480 130
24960 100
25440 190
25920 130
26400 100
26880 150
27360 120
27840 100
28320 130
28800 150
29280 100
29760 150
30240 160
30720 100
31200 160
31680 160
32160 100
32640 130
33120 110
33600 140
34080 150
34560 140
35040 100
35520 160
36000 110
36480 100
36960 150
37440 110
37920 100
38400 160
38880 160
39360 100
39840 150
40320 160
40800 100
41280 130
41760 100
42240 100
42720 160
43200 160
43680 100
44160 150
44640 110
45120 140
45600 150
46080 110
46560 100
47040 140
47520 110
48000 100
48480 150
48960 110
49440 100
49920 160
50400 150
50880 100
51360 160
51840 130
52320 100
52800 150
53280 150
53760 100
54240 150
54720 160
55200 100
55680 150
56160 150
56640 100
57120 160
57600 200
58080 100
58560 150
59040 110
59520 100
60000 160
60480 160
60960 110
61440 160
61920 150
62400 100
62880 150
63360 150
63840 150
64320 160
64800 120
65280 110
65760 180
66240 190
66720 100
67200 150
67680 110
68160 110
68640 140
69120 200
69600 100
70080 200
70560 120
71040 100
71520 150
72000 180
72480 100
72960 130
73440 120
73920 100
74400 190
74880 150
75360 160
75840 160
76320 160
76800 140
77280 150
77760 110
78240 130
78720 150
79200 140
79680 100
80160 140
80640 100
81120 150
81600 160
82080 150
82560 140
83040 140
83520 110
84000 100
84480 150
84960 110
85440 100
85920 180
86400 120
86880 100
87360 140
87840 110
88320 100
88800 160
89280 190
89760 100
90240 150
90720 150
91200 150
91680 150
92160 160
92640 100
93120 160
93600 160
94080 100
94560 160
95040 110
95520 100
96000 150
96480 110
96960 100
97440 150
97920 120
98400 110
98880 150
99360 100
99840 100
100320 140
100800 150
101280 120
101760 150
102240 160
102720 110
103200 150
103680 140
104160 100
104640 150
105120 110
105600 100
106080 130
106560 120
107040 130
107520 150
108000 100
108480 100
108960 160
109440 120
109920 100
110400 160
110880 160
111360 130
111840 150
112320 130
112800 100
113280 150
113760 110
114240 100
114720 150
115200 110
115680 100
116160 130
116640 120
117120 100
117600 130
118080 110
118560 130
119040 120
119520 110
120000 100
120480 150
120960 100
121440 100
121920 170
122400 110
122880 100
123360 150
123840 160
124320 110
124800 150
125280 190
125760 100
126240 180
126720 110
127200 100
127680 170
128160 120
128640 100
129120 200
