0:9:40 0 16 80
0:13:40 0 4 250
0:15:40 0 10 250
0:19:40 0 12 250
1:9:30 0 7 80
1:14:30 0 13 80
1:16:30 0 11 80
1:20:30 0 18 80
2:9:30 0 9 250
2:13:30 0 2 80
2:15:30 0 18 80
2:20:30 0 15 80
3:7:20 0 2 160
3:13:20 0 2 250
3:15:20 0 4 160
3:18:20 0 17 80
4:7:40 0 17 200
4:13:40 0 2 250
4:15:40 0 16 200
4:20:40 0 5 250
5:8:40 0 12 160
5:13:40 0 5 80
5:15:40 0 17 80
5:18:40 0 8 160
6:9:10 0 19 250
6:12:10 0 6 80
6:14:10 0 17 160
6:18:10 0 8 250
7:8:0 0 10 80
7:12:0 0 13 250
7:14:0 0 12 200
7:20:0 0 15 80
8:8:30 0 7 200
8:13:30 0 8 200
8:15:30 0 3 200
8:19:30 0 4 160
9:7:10 0 12 80
9:12:10 0 11 250
9:14:10 0 10 200
9:19:10 0 6 80
10:7:30 0 1 250
10:14:30 0 13 250
10:16:30 0 17 160
10:20:30 0 11 160
11:7:40 0 3 200
11:14:40 0 10 200
11:16:40 0 7 80
11:20:40 0 18 200
12:9:30 0 2 160
12:14:30 0 3 160
12:16:30 0 11 160
12:20:30 0 11 160
13:8:10 0 13 250
13:13:10 0 5 160
13:15:10 0 3 250
13:19:10 0 18 160
14:9:40 0 17 160
14:13:40 0 9 200
14:15:40 0 7 200
14:19:40 0 7 250
15:7:30 0 12 200
15:14:30 0 3 250
15:16:30 0 8 80
15:20:30 0 7 200
16:8:0 0 2 250
16:14:0 0 14 200
16:16:0 0 13 200
16:20:0 0 3 160
17:7:0 0 19 160
17:12:0 0 12 250
17:14:0 0 15 160
17:19:0 0 6 80
18:8:40 0 17 80
18:14:40 0 15 200
18:16:40 0 11 250
18:20:40 0 13 80
19:9:20 0 8 80
19:13:20 0 13 250
19:15:20 0 14 250
19:20:20 0 17 160
20:8:0 0 16 200
20:13:0 0 13 80
20:15:0 0 10 160
20:18:0 0 6 160
21:7:20 0 3 80
21:14:20 0 8 250
21:16:20 0 3 250
21:20:20 0 1 80
22:7:20 0 6 80
22:13:20 0 11 250
22:15:20 0 14 250
22:19:20 0 8 200
23:7:0 0 12 160
23:12:0 0 18 80
23:14:0 0 15 200
23:20:0 0 11 250
24:8:10 0 1 80
24:13:10 0 9 80
24:15:10 0 6 250
24:19:10 0 3 250
25:9:0 0 6 250
25:13:0 0 18 160
25:15:0 0 5 80
25:20:0 0 7 250
26:9:20 0 9 200
26:12:20 0 19 160
26:14:20 0 18 200
26:18:20 0 14 80
27:9:0 0 3 250
27:13:0 0 14 200
27:15:0 0 17 250
27:18:0 0 2 250
28:9:20 0 3 80
28:14:20 0 2 80
28:16:20 0 13 250
28:19:20 0 9 80
29:8:30 0 9 250
29:12:30 0 1 80
29:14:30 0 8 160
29:20:30 0 3 160
30:7:30 0 17 250
30:14:30 0 11 250
30:16:30 0 5 80
30:19:30 0 14 250
31:8:30 0 8 250
31:12:30 0 3 160
31:14:30 0 2 160
31:20:30 0 7 200
32:8:0 0 18 200
32:14:0 0 19 250
32:16:0 0 8 80
32:18:0 0 1 80
33:9:10 0 12 250
33:14:10 0 12 200
33:16:10 0 14 80
33:20:10 0 10 80
34:9:40 0 2 250
34:12:40 0 13 250
34:14:40 0 5 200
34:18:40 0 10 80
35:7:40 0 7 160
35:12:40 0 12 80
35:14:40 0 3 250
35:18:40 0 18 80
36:8:0 0 2 80
36:12:0 0 19 80
36:14:0 0 14 250
36:20:0 0 5 80
37:8:0 0 12 80
37:13:0 0 15 80
37:15:0 0 3 200
37:20:0 0 2 160
38:7:40 0 14 200
38:13:40 0 16 160
38:15:40 0 14 160
38:18:40 0 10 200
39:7:40 0 14 200
39:14:40 0 19 160
39:16:40 0 16 200
39:19:40 0 3 80
40:9:30 0 4 80
40:14:30 0 14 200
40:16:30 0 5 160
40:19:30 0 3 250
41:9:10 0 11 200
41:12:10 0 10 160
41:14:10 0 16 200
41:19:10 0 3 80
42:8:0 0 13 200
42:14:0 0 10 80
42:16:0 0 11 80
42:20:0 0 14 250
43:7:30 0 7 80
43:13:30 0 3 160
43:15:30 0 13 200
43:19:30 0 8 250
44:7:40 0 4 80
44:12:40 0 10 80
44:14:40 0 17 200
44:20:40 0 17 250
45:8:0 0 18 200
45:13:0 0 5 80
45:15:0 0 14 80
45:18:0 0 15 160
46:9:20 0 6 200
46:12:20 0 18 80
46:14:20 0 15 250
46:20:20 0 9 250
47:7:10 0 1 160
47:12:10 0 19 250
47:14:10 0 13 250
47:18:10 0 15 200
48:8:0 0 6 160
48:12:0 0 11 250
48:14:0 0 11 200
48:20:0 0 5 200
49:9:40 0 8 200
49:13:40 0 13 80
49:15:40 0 5 200
49:18:40 0 19 80
50:9:40 0 19 200
50:13:40 0 12 80
50:15:40 0 4 160
50:18:40 0 9 80
51:7:40 0 17 80
51:13:40 0 6 80
51:15:40 0 11 200
51:18:40 0 19 200
52:9:40 0 15 80
52:13:40 0 9 200
52:15:40 0 1 80
52:19:40 0 17 250
53:9:30 0 9 160
53:13:30 0 15 200
53:15:30 0 3 250
53:18:30 0 15 200
54:8:30 0 16 80
54:12:30 0 15 200
54:14:30 0 5 160
54:18:30 0 1 200
55:8:0 0 9 80
55:13:0 0 4 80
55:15:0 0 3 200
55:18:0 0 15 200
56:9:40 0 3 200
56:12:40 0 12 80
56:14:40 0 9 200
56:18:40 0 10 80
57:8:40 0 10 80
57:13:40 0 18 200
57:15:40 0 7 80
57:18:40 0 2 80
58:9:40 0 11 200
58:14:40 0 11 250
58:16:40 0 7 250
58:19:40 0 15 200
59:9:40 0 14 200
59:14:40 0 16 160
59:16:40 0 8 80
59:18:40 0 12 250
60:9:30 0 16 250
60:14:30 0 16 200
60:16:30 0 5 80
60:18:30 0 1 250
61:9:20 0 16 250
61:14:20 0 10 80
61:16:20 0 15 200
61:20:20 0 17 160
62:7:30 0 11 160
62:14:30 0 15 160
62:16:30 0 11 250
62:18:30 0 16 200
63:8:10 0 11 250
63:14:10 0 1 200
63:16:10 0 5 200
63:18:10 0 13 160
64:7:0 0 6 160
64:12:0 0 16 160
64:14:0 0 18 250
64:20:0 0 2 200
65:9:20 0 7 250
65:13:20 0 4 160
65:15:20 0 3 250
65:20:20 0 1 200
66:9:0 0 14 160
66:13:0 0 19 200
66:15:0 0 9 250
66:20:0 0 18 250
67:8:40 0 16 80
67:12:40 0 19 250
67:14:40 0 17 200
67:20:40 0 19 250
68:9:40 0 14 80
68:14:40 0 8 80
68:16:40 0 8 200
68:18:40 0 15 250
69:7:30 0 8 80
69:13:30 0 19 200
69:15:30 0 18 200
69:20:30 0 13 250
70:9:0 0 1 250
70:13:0 0 15 80
70:15:0 0 15 80
70:19:0 0 13 160
71:9:20 0 5 250
71:12:20 0 7 160
71:14:20 0 16 250
71:19:20 0 15 80
72:7:30 0 2 200
72:12:30 0 9 80
72:14:30 0 8 80
72:20:30 0 13 250
73:9:20 0 4 200
73:13:20 0 7 80
73:15:20 0 5 80
73:19:20 0 3 250
74:7:30 0 11 80
74:13:30 0 5 250
74:15:30 0 3 80
74:19:30 0 5 250
75:9:20 0 18 80
75:13:20 0 10 250
75:15:20 0 9 250
75:18:20 0 19 80
76:8:40 0 14 250
76:14:40 0 14 80
76:16:40 0 4 200
76:20:40 0 15 200
77:9:10 0 15 250
77:14:10 0 4 80
77:16:10 0 3 160
77:20:10 0 8 200
78:7:30 0 19 200
78:14:30 0 17 200
78:16:30 0 11 250
78:19:30 0 2 160
79:7:30 0 14 160
79:13:30 0 5 250
79:15:30 0 9 200
79:18:30 0 4 80
80:7:20 0 16 200
80:14:20 0 6 250
80:16:20 0 7 200
80:20:20 0 2 80
81:7:30 0 6 200
81:13:30 0 11 80
81:15:30 0 7 80
81:20:30 0 15 250
82:7:10 0 4 80
82:13:10 0 14 200
82:15:10 0 12 250
82:20:10 0 9 200
83:8:10 0 4 160
83:13:10 0 12 250
83:15:10 0 12 200
83:20:10 0 13 80
84:7:30 0 11 200
84:13:30 0 3 80
84:15:30 0 4 80
84:20:30 0 1 250
85:7:30 0 15 200
85:14:30 0 8 80
85:16:30 0 19 200
85:19:30 0 9 80
86:7:40 0 9 200
86:12:40 0 1 160
86:14:40 0 16 200
86:20:40 0 8 250
87:7:10 0 14 250
87:13:10 0 3 160
87:15:10 0 18 200
87:19:10 0 18 80
88:7:40 0 18 200
88:13:40 0 4 160
88:15:40 0 11 250
88:20:40 0 3 200
89:8:30 0 16 80
89:13:30 0 3 200
89:15:30 0 4 160
89:19:30 0 1 160
90:0:0 2 0 0